((("export" .
   [1 0 0 0 0 0])
  ("number" .
   [2 0 0 0 0 0])
  ("RandomId" .
   [1 0 0 0 0 0 0 0])
  ("counter" .
   [2 0 0 0 0 0 0])
  ("private" .
   [2 0 0 0 0 0 0])
  ("true" .
   [2 0 0 0])
  ("println" .
   [6 0 0 0 0 0 0])
  ("nextInt" .
   [4 0 0 0 0 0 0])
  ("stdIn" .
   [2 0 0 0 0])
  ("out" .
   [10 0 0])
  ("month" .
   [2 0 0 0 0])
  ("monthString" .
   [4 0 0 0 0 0 0 0 0 0 0])
  ("System" .
   [11 0 0 0 0 0])
  ("rand" .
   [3 0 0 0])
  ("String" .
   [3 0 0 0 0 0])
  ("Scanner" .
   [2 0 0 0 0 0 0])
  ("Random" .
   [4 0 0 0 0 0])
  ("public" .
   [3 0 0 0 0 0])
  ("class" .
   [3 0 0 0 0])
  ("java" .
   [2 0 0 0])
  ("import" .
   [3 0 0 0 0 0])
  ("put_date" .
   [1 0 0 0 0 0 0 0])
  ("wday_name" .
   [1 0 0 0 0 0 0 0 0])
  ("local" .
   [5 0 0 0 0])
  ("current" .
   [2 0 0 0 0 0 0])
  ("struct" .
   [1 0 0 0 0 0])
  ("NUMBER" .
   [2 0 0 0 0 0])
  ("sort" .
   [1 0 0 0])
  ("swap" .
   [1 0 0 0])
  ("data" .
   [4 0 0 0])
  ("temp" .
   [1 0 0 0])
  ("str_chr" .
   [1 0 0 0 0 0 0])
  ("sizeof" .
   [7 0 0 0 0 0])
  ("rev_string" .
   [0 0 0 0 1 0 0 0 0 0])
  ("len" .
   [1 0 0])
  ("str" .
   [24 0 0])
  ("char" .
   [12 0 0 0])
  ("cnt" .
   [3 0 0])
  ("ch" .
   [1 0])
  ("summary" .
   [1 0 0 0 0 0 0])
  ("link" .
   [1 0 0 0])
  ("NULL" .
   [1 0 0 0])
  ("$matches" .
   [3 0 0 0 0 0 0 0])
  ("$entry" .
   [6 0 0 0 0 0])
  ("subtitle" .
   [1 0 0 0 0 0 0 0])
  ("title" .
   [4 0 0 0 0])
  ("else" .
   [5 0 0 0])
  ("href" .
   [1 0 0 0])
  ("$href" .
   [8 0 0 0 0])
  ("$link" .
   [6 0 0 0 0])
  ("die" .
   [1 0 0])
  ("$feed" .
   [7 0 0 0 0])
  ("$url" .
   [2 0 0 0])
  ("elemB" .
   [1 0 0 0 0])
  ("$dom" .
   [3 0 0 0])
  ("new" .
   [6 0 0])
  ("monkey" .
   [1 0 0 0 0 0])
  ("cat" .
   [1 0 0])
  ("Monkey" .
   [1 0 0 0 0 0])
  ("Cat" .
   [1 0 0])
  ("break" .
   [8 0 0 0 0])
  ("dog" .
   [1 0 0])
  ("case" .
   [1 0 0 0])
  ("select" .
   [1 0 0 0 0 0])
  ("selected" .
   [2 0 0 0 0 0 0 0])
  ("switch" .
   [1 0 0 0 0 0])
  ("Invalid" .
   [2 0 0 0 0 0 0])
  ("Dog" .
   [2 0 0])
  ("do" .
   [3 0])
  ("animal" .
   [2 0 0 0 0 0])
  ("puts" .
   [3 0 0 0])
  ("enum" .
   [3 0 0 0])
  ("mat" .
   [11 0 0])
  ("pos" .
   [16 0 0])
  ("inverse" .
   [1 0 0 0 0 0 0])
  ("reset" .
   [1 0 0 0 0])
  ("set" .
   [1 0 0])
  ("putchar" .
   [2 0 0 0 0 0 0])
  ("print_bits" .
   [3 0 0 0 0 0 0 0 0 0])
  ("printf" .
   [23 0 0 0 0 0])
  ("int_bits" .
   [1 0 0 0 0 0 0 0])
  ("for" .
   [8 0 0])
  ("count_bits" .
   [8 0 0 0 0 0 0 0 0 0])
  ("count" .
   [2 0 0 0 0])
  ("while" .
   [13 0 0 0 0])
  ("unsigned" .
   [16 0 0 0 0 0 0 0])
  ("include" .
   [5 0 0 0 0 0 0])
  ("center" .
   [1 0 0 0 0 0])
  ("REQUIRED" .
   [1 0 0 0 0 0 0 0])
  ("CDATA" .
   [1 0 0 0 0])
  ("ATTLIST" .
   [1 0 0 0 0 0 0])
  ("atomic" .
   [2 0 0 0 0 0])
  ("meridiem" .
   [1 0 0 0 0 0 0 0])
  ("second" .
   [1 0 0 0 0 0])
  ("PCDATA" .
   [3 0 0 0 0 0])
  ("minute" .
   [1 0 0 0 0 0])
  ("hour" .
   [1 0 0 0])
  ("ELEMENT" .
   [1 0 0 4 0 0 0])
  ("time" .
   [2 0 0 0])
  ("margin-right" .
   [2 0 0 0 0 0 0 0 0 0 0 0])
  ("margin-left" .
   [1 0 0 0 0 0 0 0 0 0 0])
  ("hide" .
   [1 0 0 0])
  ("60em" .
   [1 0 0 0])
  ("back" .
   [2 0 0 0])
  ("cut" .
   [1 0 0])
  ("25em" .
   [2 0 0 0])
  ("40em" .
   [1 0 0 0])
  ("access" .
   [1 0 0 0 0 0])
  ("menu_bottom" .
   [1 0 0 0 0 0 0 0 0 0 0])
  ("menu_top" .
   [2 0 0 0 0 0 0 0])
  ("125%" .
   [1 0 0 0])
  ("2em" .
   [7 0 0])
  ("absolute" .
   [2 0 0 0 0 0 0 0])
  ("relative" .
   [2 0 0 0 0 0 0 0])
  ("top" .
   [1 0 0])
  ("news" .
   [4 0 0 0])
  ("h2" .
   [1 0])
  ("Arial" .
   [1 0 0 0 0])
  ("text-align" .
   [2 0 0 0 0 0 0 0 0 0])
  ("4em" .
   [2 0 0])
  ("max-width" .
   [0 0 0 0 0 0 1 0 0])
  ("line" .
   [4 0 0 0])
  ("54em" .
   [3 0 0 0])
  ("756537" .
   [1 0 0 0 0 0])
  ("right" .
   [9 0 0 0 0])
  ("auto" .
   [4 0 0 0])
  ("header" .
   [15 0 0 0 0 0])
  ("footer" .
   [2 0 0 0 0 0])
  ("small" .
   [1 0 0 0 0])
  ("left" .
   [12 0 0 0])
  ("height" .
   [5 0 0 0 0 0])
  ("body" .
   [1 0 0 0])
  ("html" .
   [1 0 0 0])
  ("1em" .
   [12 0 0])
  ("padding" .
   [4 0 0 0 0 0 0])
  ("margin-top" .
   [1 0 0 0 0 0 0 0 0 0])
  ("50%" .
   [2 0 0])
  ("45em" .
   [1 0 0 0])
  ("5em" .
   [8 0 0])
  ("100%" .
   [7 0 0 0])
  ("overview" .
   [4 0 0 0 0 0 0 0])
  ("img" .
   [15 0 0])
  ("0" .
   [43])
  ("$puchase_id" .
   [1 0 0 0 0 0 0 0 0 0 0])
  ("insert_id" .
   [1 0 0 0 0 0 0 0 0])
  ("sign" .
   [1 0 0 0])
  ("$this" .
   [2 0 0 0 0])
  ("$db2" .
   [1 0 0 0])
  ("DB_TABLE2" .
   [1 0 0 0 0 0 0 0 0])
  ("$product" .
   [3 0 0 0 0 0 0 0])
  ("$record" .
   [2 0 0 0 0 0 0])
  ("if" .
   [25 0])
  ("$result" .
   [2 0 0 0 0 0 0])
  ("query" .
   [2 0 0 0 0])
  ("connect" .
   [2 0 0 0 0 0 0])
  ("$db1" .
   [7 0 0 0])
  ("$_SESSION" .
   [0 0 0 1 0 0 0 0 0])
  ("DB_TABLE1" .
   [1 0 0 0 0 0 0 0 0])
  ("self" .
   [2 0 0 0])
  ("$query" .
   [6 0 0 0 0 0])
  ("button" .
   [3 0 0 0 0 0])
  ("input" .
   [4 0 0 0 0])
  ("30em" .
   [5 0 0 0])
  ("nav" .
   [3 0 0])
  ("ul" .
   [3 0])
  ("li" .
   [2 0])
  ("5" .
   [4])
  ("1" .
   [2])
  ("2" .
   [1])
  ("-moz-border-radius-bottomleft" .
   [1 0 0 0 0 0 0 0 0 0 0 0 0 0 0 0 0 0 0 0 0 0 0 0 0 0 0 0 0])
  ("8ec31f" .
   [1 0 0 0 0 0])
  ("-0" .
   [1 0])
  ("main" .
   [10 0 0 0])
  ("portrait" .
   [3 0 0 0 0 0 0 0])
  ("gallery" .
   [3 0 0 0 0 0 0])
  ("justify" .
   [0 1 0 0 0 0 0])
  ("attr" .
   [5 0 0 0])
  ("addClass" .
   [3 0 0 0 0 0 0 0])
  ("removeClass" .
   [1 0 0 0 0 0 0 0 0 0 0])
  ("var" .
   [2 0 0])
  ("target" .
   [3 0 0 0 0 0])
  ("type" .
   [5 0 0 0])
  ("function" .
   [2 0 0 0 0 0 0 0])
  ("setRoom" .
   [2 0 0 0 0 0 0])
  ("setTarget" .
   [1 0 0 0 0 0 0 0 0])
  ("targetOn" .
   [1 0 0 0 0 0 0 0])
  ("echo" .
   [6 0 0 0])
  ("$_SERVER" .
   [1 0 2 0 0 0 0 0])
  ("$uri" .
   [1 0 0 0])
  ("productID" .
   [1 0 0 0 0 0 0 0 0])
  ("article" .
   [3 0 0 0 0 0 0])
  ("x" .
   [1])
  ("section" .
   [5 0 0 0 0 0 0])
  ("1px" .
   [1 0 0])
  ("BBC" .
   [1 0 0])
  ("margin-bottom" .
   [1 0 0 0 0 0 0 0 0 0 0 0 0])
  ("dotted" .
   [1 0 0 0 0 0])
  ("554" .
   [1 0 0])
  ("$field" .
   [2 0 0 0 0 0])
  ("db_connect" .
   [0 0 0 1 0 0 0 0 0 0])
  ("$value" .
   [1 0 0 0 0 0])
  ("int" .
   [79 0 0])
  ("void" .
   [28 0 0 0])
  ("static" .
   [5 0 0 0 0 0])
  ("return" .
   [27 0 0 0 0 0])
  ("scanf" .
   [2 0 0 0 0])
  ("tmp" .
   [8 0 0])
  ("power" .
   [2 0 0 0 0])
  ("rrotate" .
   [1 0 0 0 0 0 0])
  ("bits" .
   [1 0 0 0])
  ("double" .
   [9 0 0 0 0 0])
  ("sqr_int" .
   [1 0 0 0 0 0 0])
  ("sqr_double" .
   [1 0 0 0 0 0 0 0 0 0])
  ("$xml" .
   [3 0 0 0])
  ("or" .
   [3 0])
  ("foreach" .
   [6 0 0 0 0 0 0])
  ("$parent" .
   [1 0 0 0 0 0 0])
  ("children" .
   [1 0 0 0 0 0 0 0])
  ("http" .
   [1 0 0 0])
  ("as" .
   [5 0])
  ("print" .
   [9 0 0 0 0])
  ("$child" .
   [1 0 0 0 0 0])
  ("factorial" .
   [1 0 0 0 0 0 0 0 0])
  ("num" .
   [2 0 0])
  ("null_string" .
   [1 0 0 0 0 0 0 0 0 0 0])
  ("pirntf" .
   [1 0 0 0 0 0])
  ("del_digit" .
   [1 0 0 0 0 0 0 0 0])
  ("res" .
   [6 0 0])
  ("long" .
   [4 0 0 0])
  ("const" .
   [1 0 0 0 0])
  ("nptr" .
   [1 0 0 0])
  ("strtoi" .
   [1 0 0 0 0 0])
  ("strtol" .
   [1 0 0 0 0 0])
  ("strtod" .
   [1 0 0 0 0 0])
  ("$html_source" .
   [2 0 0 0 0 0 0 0 0 0 0 0])
  ("preg_replace" .
   [1 0 0 0 0 0 0 0 0 0 0 0])
  ("util" .
   [3 0 0 0])
  ("Day" .
   [4 0 0])
  ("Car" .
   [2 0 0])
  ("myCar" .
   [2 0 0 0 0])
  ("getPurchaseDay" .
   [0 0 0 0 0 1 1 0 0 0 0 0 0 0])
  ("float" .
   [1 0 0 0 0])
  ("record" .
   [1 0 0 0 0 0])
  ("PATH" .
   [3 0 0 0])
  ("/Users/miitsy/" .
   [0 0 0 0 0 0 0 0 0 1 0 0 0 0])
  ("/Users/miitsy/bin/" .
   [0 0 0 0 0 0 0 0 0 0 0 0 0 0 0 0 0 1])
  ("buffer." .
   [1 0 0 0 0 0 0])))
